
L = [...
   0.003217, 2.196110, 9.517709;...
   0.587719, 2.063700, 9.539573;...
   3.689245, 6.151263, 4.855144;...
   0.599011, 1.538229, 9.727504;...
   0.322969, 5.224562, 7.259965;...
   0.532714, 7.263122, 4.696327;...
   1.541619, 5.816820, 6.378801;...
   0.135246, 0.328483, 9.987381;...
   0.413890, 0.328284, 9.972093;...
   1.154311, 1.774332, 9.551931;...
   3.263029, 8.955608, 0.914973;...
   1.109040, 0.841162, 9.806248;...
   5.029401, 3.919370, 5.934367;...
   6.216807, 5.429123, 3.187593;...
   0.990949, 6.782140, 5.302060;...
   1.088436, 6.315785, 5.892617;...
   0.726570, 5.826635, 6.552242;...
   1.617371, 1.784680, 9.419903;...
   1.581053, 4.386698, 7.825715;...
   1.657849, 3.398092, 8.570451;...
   2.912459, 2.957089, 8.277321;...
   0.713162, 7.012384, 5.031787;...
   0.397621, 1.116011, 9.859642;...
   3.473777, 5.521839, 5.744217;...
   1.003181, 5.881117, 6.440609;...
   0.864000, 1.872407, 9.574760;...
   1.025643, 2.013406, 9.489425;...
   3.971092, 2.760420, 7.661051;...
   5.353701, 6.323520, 3.135099;...
   0.717091, 0.558366, 9.917401;...
   1.949966, 6.349046, 5.588725;...
   2.986525, 8.713171, 1.516132;...
   3.218344, 6.878893, 4.232310;...
   6.461017, 7.200601, 0.640662;...
   1.348848, 2.369853, 9.256441;...
   1.677108, 4.758097, 7.454783;...
   5.509805, 3.623908, 5.650934;...
   1.930838, 1.546512, 9.388016;...
   2.090879, 3.285228, 8.483550;...
   1.063028, 4.575546, 7.793435;...
   1.258674, 9.904166, 0.032324;...
   0.241886, 1.624289, 9.730318;...
   2.414420, 3.969173, 7.841624;...
   0.607961, 7.895877, 3.728551;...
   3.171967, 2.443537, 8.396776;...
   1.984391, 5.816637, 6.222892;...
   2.438367, 4.061676, 7.755715;...
   1.756336, 6.367331, 5.637238;...
   6.352282, 6.998225, 1.067336;...
   4.903404, 4.497513, 5.572900;...
   2.796582, 2.076797, 8.786604;...
   0.578094, 4.762552, 7.698390;...
   0.145174, 2.818921, 9.203261;...
   0.258293, 0.659235, 9.949869;...
   1.027153, 0.988465, 9.796789;...
   1.284169, 9.796252, 0.238436;...
   1.122080, 5.183759, 7.186958;...
   4.874775, 4.192005, 5.866366;...
   0.043363, 1.552482, 9.758792;...
   4.342577, 3.998266, 6.515589;...
   0.921899, 4.166633, 8.178927;...
   3.639547, 7.340227, 3.287477;...
   0.847731, 7.210078, 4.729612;...
   3.130543, 3.863195, 7.527543;...
   4.512443, 5.333499, 5.119165;...
   1.761081, 2.069063, 9.261757;...
   4.105673, 8.263193, 1.486310;...
   0.399527, 7.635356, 4.154171;...
   0.061392, 1.233863, 9.847381;...
   6.349162, 6.376013, 1.903460;...
   0.130053, 8.421189, 2.906667;...
   4.897630, 6.659508, 3.166417;...
   2.005387, 1.458418, 9.385144;...
   0.364457, 0.386207, 9.971802;...
   0.366824, 7.386142, 4.531035;...
   2.249314, 5.754813, 6.182271;...
   0.467452, 2.281471, 9.457638;...
   2.588331, 1.970870, 8.941621;...
   0.328880, 7.056765, 5.009391;...
   2.787262, 8.304135, 2.327252;...
   2.140546, 7.657115, 3.678665;...
   0.188767, 7.644082, 4.153238;...
   0.398786, 1.108462, 9.861228;...
   2.931345, 6.578186, 4.813468;...
   1.219070, 7.022572, 4.919735;...
   4.611476, 7.067212, 2.878880;...
   3.287051, 4.584016, 6.818210;...
   0.566888, 0.814628, 9.901502;...
   2.331005, 8.327639, 2.521685;...
   0.275364, 0.198874, 9.988462;...
   3.513274, 3.396468, 7.612091;...
   0.682469, 1.897350, 9.593430;...
   1.844736, 1.988598, 9.264242;...
   1.462210, 2.903420, 8.943209;...
   1.194312, 2.191496, 9.377096;...
   3.299989, 2.645123, 8.211340;...
   0.023730, 1.052011, 9.889271;...
   1.652351, 5.122653, 7.102816;...
   4.438508, 6.934088, 3.221807;...
   3.969384, 8.994616, 0.334087;...
   0.121498, 1.433809, 9.792943;...
   2.216546, 7.396824, 4.037391;...
   6.733835, 5.509496, 2.430093;...
   2.309283, 7.540288, 3.781127;...
   5.241037, 3.452177, 6.061400;...
   2.729662, 7.820327, 3.139143;...
   2.990454, 2.332490, 8.561668;...
   4.169032, 4.743507, 6.011831;...
   3.893422, 9.168838, 0.077367;...
   7.363960, 6.133509, 0.815216;...
   1.034687, 6.049114, 6.233764;...
   2.528834, 1.979023, 8.968847;...
   2.404563, 4.046674, 7.784250;...
   5.730771, 5.258325, 3.950828;...
   1.341707, 5.553910, 6.735391;...
   0.157209, 8.402411, 2.937477;...
   2.879192, 9.057466, 0.967257;...
   2.749275, 6.315236, 5.255928;...
   1.874965, 6.573042, 5.327962;...
   0.240557, 1.191823, 9.852169;...
   0.129506, 1.909429, 9.633731;...
   3.212071, 5.735500, 5.678664;...
   6.922526, 6.765096, 0.631210;...
   3.434947, 4.104710, 7.135250;...
   5.039480, 5.402315, 4.541863;...
   5.015440, 4.696737, 5.278603;...
   2.163326, 2.825358, 8.733738;...
   3.640505, 5.804538, 5.305406;...
   4.079285, 4.105047, 6.650803;...
   3.600000, 7.525820, 3.040203;...
   3.340590, 2.407226, 8.304572;...
   4.595518, 3.923647, 6.348620;...
   5.455010, 8.142656, 0.394002;...
   0.270626, 1.039289, 9.884664;...
   1.245409, 1.068069, 9.730819;...
   7.614836, 5.583857, 1.083482;...
   0.311198, 4.933889, 7.555990;...
   0.542475, 0.791802, 9.907877;...
   0.209003, 2.655137, 9.290656;...
   1.357773, 2.140562, 9.357445;...
   4.172807, 4.063495, 6.607570;...
   4.465978, 5.003549, 5.501954;...
   1.516411, 1.409145, 9.571481;...
   5.449041, 7.613769, 1.233848;...
   3.935389, 7.388861, 2.991744;...
   3.003976, 5.193431, 6.400440;...
   1.288038, 7.762449, 3.808534;...
   1.185495, 9.804071, 0.247480;...
   0.757639, 2.594990, 9.269201;...
   3.196927, 2.824884, 8.179969;...
   3.578998, 4.598209, 6.604725;...
   0.135118, 0.958263, 9.906348;...
   2.885201, 5.634052, 5.993307;...
   0.719262, 4.416437, 7.997774;...
   4.905766, 3.730267, 6.201856;...
   1.194872, 1.785227, 9.538525;...
   0.791523, 2.236904, 9.436975;...
   0.890835, 1.086178, 9.802663;...
   1.848500, 9.286796, 1.033846;...
   0.515660, 1.696487, 9.685603;...
   1.242610, 2.165180, 9.376792;...
   6.230366, 6.257861, 2.202172;...
   2.304432, 3.349524, 8.347028;...
   1.704490, 4.469160, 7.712132;...
   6.085055, 6.938908, 1.482366;...
   2.166718, 2.142276, 9.071599;...
   0.075664, 1.965157, 9.613243;...
   2.393219, 7.512788, 3.783053;...
   0.881334, 7.314876, 4.571584;...
   0.055515, 1.184955, 9.859280;...
   2.313642, 5.150099, 6.812354;...
   2.394032, 1.980560, 9.034600;...
   3.014426, 8.643786, 1.619820;...
   2.213309, 7.432191, 3.986380;...
   0.887267, 2.646125, 9.221078;...
   0.575868, 5.648690, 6.776067;...
   0.719421, 2.814882, 9.155887;...
   1.393853, 7.702593, 3.872723;...
   0.687708, 1.024440, 9.847758;...
   3.150614, 6.419983, 4.885745;...
   5.381441, 8.178315, 0.415526;...
   0.050165, 0.343042, 9.987981;...
   0.085024, 1.243473, 9.844655;...
   6.252480, 7.452654, 0.536445;...
   4.203445, 7.314442, 2.882999;...
   2.792821, 9.548365, 0.102887;...
   6.166903, 4.057713, 4.550427;...
   0.706893, 2.610535, 9.268541;...
   0.582078, 1.975734, 9.575766;...
   0.384174, 0.662360, 9.941369;...
   1.057008, 6.980887, 5.014995;...
   4.763964, 5.113842, 5.115327;...
   6.274769, 4.631603, 3.917552;...
   0.452139, 0.457222, 9.958652;...
   3.547507, 7.253901, 3.479612;...
   3.468776, 7.890209, 2.571220;...
   0.821589, 2.826207, 9.133754;...
   2.701258, 8.788548, 1.546464;...
   1.754229, 1.353425, 9.509092;...
   1.372334, 7.092178, 4.781771;...
   2.059351, 7.465867, 4.001990;...
   6.635224, 4.731367, 3.358797;...
   4.674797, 5.464234, 4.828842;...
   0.061361, 0.357949, 9.986811;...
   5.446735, 7.782899, 0.975957;...
   4.504274, 5.899461, 4.490788;...
   1.570212, 3.721751, 8.368300;...
   0.134173, 9.683204, 0.621755;...
   0.702851, 7.551516, 4.248060;...
   3.187314, 4.283863, 7.148955;...
   1.716904, 1.398539, 9.509633;...
   2.808516, 9.419308, 0.338887;...
   1.376438, 3.904313, 8.286176;...
   4.830407, 4.296967, 5.820325;...
   1.898595, 9.346141, 0.904498;...
   1.031481, 5.950570, 6.352676;...
   0.033461, 0.078960, 9.999265;...
   0.259828, 5.456936, 7.015433;...
   6.081509, 6.895288, 1.547025;...
   0.653632, 1.219943, 9.808450;...
   0.018860, 1.152835, 9.867062;...
   0.029339, 0.428698, 9.981536;...
   0.792296, 0.574610, 9.904209;...
   5.446236, 7.853914, 0.865455;...
   2.785843, 2.320354, 8.685503;...
   2.583658, 3.233867, 8.286681;...
   2.869032, 8.483335, 1.980167;...
   0.178085, 4.174492, 8.254190;...
   3.033959, 3.291050, 7.996408;...
   2.918909, 5.956110, 5.600473;...
   1.046240, 2.528372, 9.251272;...
   0.207864, 0.490969, 9.971574;...
   3.915535, 3.981121, 6.881926;...
   2.766364, 7.077034, 4.226282;...
   2.611557, 3.740423, 7.918901;...
   0.317283, 0.620645, 9.951413;...
   5.173201, 4.289855, 5.483514;...
   0.374078, 1.931329, 9.613003;...
   1.684102, 9.215031, 1.224701;...
   0.437350, 7.957900, 3.648056;...
   3.027292, 6.305816, 5.107218;...
   3.657773, 6.172867, 4.851641;...
   0.008271, 0.024264, 9.999934;...
   0.633089, 1.434222, 9.754220;...
   3.225856, 8.874629, 1.083482;...
   3.813483, 3.989530, 6.954100;...
   0.818554, 4.885049, 7.546626;...
   5.836183, 4.720592, 4.365498;...
   3.715331, 7.583572, 2.868575;...
   0.019231, 0.045547, 9.999756;...
   0.182473, 0.195803, 9.992836;...
   3.593201, 5.550250, 5.628363;...
   2.684727, 3.821073, 7.819164;...
   2.413487, 7.032936, 4.471290;...
   1.468928, 3.377025, 8.643795;...
   3.052769, 4.693460, 6.865203;...
   2.500580, 6.773545, 4.786619;...
   2.910881, 5.519589, 6.106091;...
   1.888916, 1.363254, 9.457353;...
   1.558598, 1.483669, 9.536950;...
   1.729237, 7.476194, 4.111626;...
   0.898519, 3.941047, 8.366081;...
   1.195743, 1.194440, 9.714351;...
   7.011557, 7.059714, 0.099851;...
   0.377842, 5.694439, 6.743060;...
   0.276168, 1.824673, 9.659430;...
   5.097919, 5.948879, 3.862207;...
   1.591613, 4.279158, 7.915558;...
   0.049515, 0.989087, 9.901926;...
   4.916927, 7.786810, 1.518943;...
   0.028640, 0.137121, 9.998038;...
   5.044112, 3.583808, 6.171326;...
   0.813364, 0.643801, 9.892396;...
   2.316276, 8.217023, 2.711540;...
   0.652546, 6.664808, 5.515452;...
   0.014285, 0.088580, 9.999195;...
   0.591636, 9.681026, 0.592770;...
   0.007270, 1.968736, 9.612403;...
   4.411563, 8.485298, 0.853783;...
   0.170890, 0.777985, 9.936554;...
   1.110628, 5.886934, 6.411051;...
   0.655449, 9.278002, 1.348906;...
   1.186055, 1.715189, 9.565140;...
   0.297157, 0.823608, 9.923337;...
   5.771472, 5.452864, 3.695638;...
   0.219602, 0.314915, 9.985260;...
   3.875171, 3.823047, 7.036736;...
   0.116756, 0.272364, 9.991219;...
   0.577561, 0.981648, 9.870279;...
   0.006015, 0.429353, 9.981562;...
   5.390849, 3.863932, 5.600878;...
   5.272098, 5.040466, 4.679868;...
   3.259352, 5.845425, 5.520764;...
   1.244739, 1.103202, 9.723357;...
   3.665458, 3.476260, 7.448003;...
   1.405291, 6.521970, 5.548906;...
   5.411791, 6.224623, 3.196658;...
   7.680030, 6.031456, 0.463867;...
   4.672243, 8.723509, 0.207053;...
   5.160891, 3.931722, 5.790677;...
   1.784809, 2.151966, 9.218350;...
   5.527929, 6.496676, 2.723520;...
   2.250879, 5.056143, 6.936896;...
   4.081814, 8.079214, 1.806510;...
   0.962074, 4.829574, 7.574963;...
   0.059867, 1.189326, 9.858192;...
   1.974040, 6.787462, 5.003352;...
   2.660300, 6.669070, 4.844631;...
   5.072975, 7.702873, 1.493067;...
   1.493849, 1.070521, 9.662240;...
   0.199101, 3.241671, 8.945193;...
   0.844353, 1.406372, 9.730919;...
   0.127426, 0.497884, 9.973587;...
   2.909260, 4.517332, 7.112992;...
   5.945608, 6.678085, 2.005292;...
   0.124265, 0.715322, 9.947287;...
   0.103007, 6.604623, 5.636835;...
   4.369197, 8.366967, 1.090397;...
   2.916794, 3.219113, 8.112962;...
   6.016995, 5.113537, 3.764752;...
   2.172042, 2.418296, 8.943408;...
   5.038754, 4.498031, 5.437867;...
   2.393915, 1.988352, 9.031563;...
   5.155155, 6.656685, 2.911292;...
   0.138510, 6.002308, 6.395311;...
   0.971554, 0.865271, 9.830739;...
   3.698023, 5.475811, 5.634012;...
   0.541707, 0.793067, 9.907760;...
   3.844193, 7.754146, 2.509540;...
   0.265771, 6.789441, 5.383286;...
   2.226056, 6.051508, 5.842393;...
   3.598240, 3.535783, 7.455091;...
   0.085161, 2.933424, 9.138777;...
   0.648709, 0.587147, 9.923444;...
   0.429296, 2.503825, 9.354657;...
   0.128771, 0.313326, 9.988524;...
   2.119992, 8.933076, 1.570578;...
   2.565437, 2.327401, 8.800174;...
   6.777343, 5.606483, 2.263497;...
   3.880192, 7.770663, 2.456091;...
   1.651114, 2.062503, 9.301990;...
   0.703455, 2.618101, 9.265070;...
   0.874535, 3.594600, 8.631404;...
   1.369972, 4.631810, 7.666951;...
   2.277024, 4.583856, 7.380342;...
   1.367455, 6.849295, 5.121723;...
   3.553982, 7.103270, 3.691276;...
   5.503936, 3.952366, 5.408549;...
   1.762146, 6.381558, 5.617056;...
   4.567535, 4.377009, 5.997942;...
   1.830677, 6.008308, 6.054886;...
   1.184031, 1.227767, 9.709066;...
   2.813514, 6.120331, 5.462569;...
   0.594681, 1.723140, 9.667714;...
   1.042991, 5.733724, 6.603658;...
   4.158262, 7.306882, 2.931834;...
   0.295653, 0.253914, 9.984812;...
   0.134858, 6.320776, 6.002960;...
   4.892393, 6.274558, 3.669442;...
   1.652190, 1.359552, 9.542189;...
   1.462529, 7.544724, 4.093815;...
   3.311169, 3.656606, 7.566539;...
   3.341746, 4.987213, 6.396044;...
   0.405204, 2.852309, 9.170014;...
   2.032527, 1.485946, 9.366080;...
   3.833846, 7.867370, 2.340612;...
   1.274289, 5.822452, 6.447524;...
   1.488811, 2.475342, 9.165612;...
   0.633226, 9.623343, 0.699029;...
   0.091117, 0.228481, 9.993949;...
   1.662461, 1.651754, 9.450793;...
   1.464350, 4.271808, 7.960734;...
   3.363752, 3.554702, 7.604927;...
   2.901976, 2.354009, 8.603718;...
   4.352817, 4.724269, 5.873427;...
   3.336928, 2.584435, 8.218561;...
   5.822905, 5.799545, 3.245906;...
   0.181306, 9.413825, 1.134703;...
   0.603831, 8.988193, 1.884777;...
   0.375859, 3.681231, 8.630727;...
   1.187561, 4.083261, 8.191668;...
   2.876362, 3.242655, 8.121173;...
   3.979940, 2.963882, 7.537548;...
   3.320378, 2.398207, 8.322369;...
   0.023137, 0.086058, 9.999206;...
   5.183319, 7.120560, 2.243082;...
   0.344394, 1.616293, 9.726899;...
   0.287022, 4.188303, 8.237574;...
   3.442252, 3.551356, 7.553877;...
   0.743337, 1.478694, 9.726091;...
   6.937462, 4.929339, 2.757324;...
   0.272255, 8.591531, 2.611147;...
   1.154039, 0.813225, 9.800686;...
   2.246290, 1.573182, 9.247928;...
   3.951433, 9.063808, 0.223355;...
   4.077016, 5.320647, 5.506865;...
   2.431367, 1.703132, 9.118780;...
   2.082673, 5.870977, 6.119410;...
   5.535870, 6.329008, 2.929780;...
   6.023768, 6.141515, 2.599601;...
   5.876577, 4.601225, 4.429458;...
   0.657382, 2.917047, 9.105868;...
   0.723147, 0.678397, 9.901684;...
   3.617868, 7.849860, 2.529072;...
   0.968379, 0.759697, 9.848510;...
   0.312796, 5.616468, 6.835744;...
   3.118355, 3.567546, 7.754848;...
   2.136859, 1.697866, 9.255108;...
   1.232659, 3.321218, 8.745007;...
   3.515404, 2.824316, 7.966518;...
   3.123000, 3.738193, 7.627278;...
   0.132152, 0.196523, 9.994391;...
   2.481863, 5.551274, 6.302371;...
   5.095862, 6.570588, 3.085956;...
   0.926698, 1.668908, 9.635598;...
   1.729486, 6.265516, 5.775218;...
   0.120089, 7.114987, 4.936253;...
   4.551571, 5.885825, 4.464026;...
   0.061451, 0.264572, 9.992623;...
   3.427771, 5.867706, 5.382041;...
   0.769025, 5.020949, 7.419868;...
   1.961108, 3.245777, 8.561899;...
   3.973871, 3.792320, 6.982666;...
   0.382695, 7.767916, 3.951303;...
   0.998583, 0.698446, 9.851500;...
   2.359091, 4.798953, 7.140474;...
   1.790753, 1.344234, 9.498624;...
   3.845799, 6.180786, 4.700771;...
   1.675081, 5.785201, 6.372555;...
   4.747601, 7.576404, 2.005838;...
   0.076754, 0.302623, 9.990253;...
   7.000396, 4.724300, 2.867544;...
   1.118616, 9.033455, 1.714539;...
   6.082187, 7.571532, 0.567890;...
   0.521922, 0.646284, 9.930991;...
   6.206163, 6.659107, 1.713984;...
   5.419371, 4.765180, 4.792348;...
   0.172707, 0.626048, 9.957824;...
   6.339074, 7.439384, 0.447171;...
   1.622381, 1.680974, 9.454221;...
   0.056719, 0.118339, 9.998278;...
   0.297063, 0.603135, 9.954798;...
   0.433901, 0.983057, 9.884533;...
   7.245451, 5.647385, 1.561049;...
   5.809543, 6.871288, 1.903460;...
   1.435605, 4.455349, 7.808890;...
   1.886277, 6.173216, 5.833337;...
   5.617866, 7.552539, 1.139874;...
   4.139731, 5.564301, 5.190118;...
   0.505865, 3.987327, 8.384532;...
   1.634312, 3.849714, 8.250873;...
   0.761813, 1.010639, 9.839825;...
   0.436437, 6.496480, 5.760527;...
   0.618292, 0.488016, 9.937956;...
   3.269710, 2.200943, 8.446485;...
   5.102994, 3.512928, 6.161879;...
   2.026882, 3.217745, 8.553787;...
   3.036660, 3.232674, 8.032851;...
   0.001374, 0.008743, 9.999992;...
   5.370960, 7.766094, 1.084058;...
   2.553274, 2.717421, 8.609641;...
   1.787913, 3.668093, 8.334846;...
   6.971785, 7.045425, 0.175620;...
   0.150082, 2.438698, 9.403023;...
   1.506142, 6.153073, 5.987123;...
   3.721213, 3.321471, 7.512040;...
   0.641553, 0.416876, 9.941462;...
   5.724397, 5.575119, 3.614933;...
   7.234288, 4.881824, 2.383287;...
   0.828788, 2.511840, 9.300377;...
   0.289137, 0.373613, 9.977681;...
   0.266037, 4.075313, 8.332105;...
   1.121691, 2.051381, 9.453365;...
   0.366823, 2.848883, 9.174931;...
   1.173436, 5.859798, 6.428582;...
   0.541458, 7.391614, 4.507086;...
   0.149646, 0.144221, 9.995681;...
   0.870097, 1.107522, 9.801633;...
   4.766419, 3.209058, 6.698320;...
   1.997322, 1.318486, 9.427230;...
   0.919085, 3.870147, 8.417725;...
   0.698434, 1.216725, 9.803177;...
   6.253498, 6.040420, 2.440709;...
   4.335642, 5.156040, 5.461747;...
   1.205732, 5.133598, 7.219238;...
   1.027696, 2.010303, 9.490252;...
   3.877528, 5.469980, 5.504410;...
   7.091540, 6.206772, 1.118604;...
   0.322435, 1.128268, 9.862305;...
   1.314536, 8.149924, 3.185073;...
   0.067286, 2.958920, 9.124026;...
   0.179247, 2.077612, 9.565140;...
   6.519211, 5.372201, 2.863934;...
   0.244670, 0.323865, 9.983525;...
   2.087854, 2.502084, 8.938044;...
   8.022268, 5.428900, 0.617026;...
   5.036811, 3.698155, 6.095419;...
   5.593818, 8.240088, 0.081015;...
   0.715869, 2.406540, 9.369610;...
   0.854558, 1.192431, 9.784784;...
   0.636613, 1.845556, 9.618865;...
   1.898768, 6.747735, 5.086275;...
   2.889361, 2.131502, 8.710829;...
   2.935292, 7.525445, 3.475175;...
   1.079705, 9.768693, 0.340687;...
   0.274421, 2.625856, 9.302958;...
   0.592515, 0.451538, 9.944504;...
   3.475209, 4.689305, 6.593334;...
   0.427506, 7.215961, 4.774714;...
   6.708366, 4.425729, 3.541075;...
   2.817854, 3.812017, 7.752823;...
   1.104266, 3.908718, 8.350252;...
   0.447588, 7.975365, 3.619322;...
   1.009495, 8.955705, 1.877628;...
   0.771759, 1.769968, 9.627160;...
   3.061276, 5.619720, 5.904734;...
   0.112254, 7.710600, 4.053405;...
   4.199648, 8.389911, 1.197235;...
   1.249762, 4.265077, 8.024721;...
   1.500741, 1.467597, 9.559393;...
   0.459496, 0.462821, 9.957466;...
   1.120087, 1.169435, 9.737783;...
   1.285949, 3.434564, 8.655011;...
   5.957950, 5.583794, 3.332408;...
   2.094485, 1.936110, 9.186461;...
   0.379448, 8.228201, 3.215272;...
   2.972938, 2.992992, 8.220364;...
   5.354091, 6.376283, 3.067673;...
   0.064666, 1.241641, 9.845415;...
   1.313569, 1.921951, 9.458064;...
   0.500572, 0.324659, 9.964402;...
   6.968318, 6.826080, 0.484717;...
   1.956059, 2.772100, 8.848930;...
   0.329645, 0.622123, 9.950430;...
   1.091451, 3.530311, 8.634564;...
   1.025708, 3.329903, 8.785967;...
   0.203527, 7.576539, 4.255463;...
   2.888657, 7.534644, 3.488480;...
   3.346111, 8.745411, 1.232133;...
   5.989332, 7.310867, 1.067913;...
   3.480339, 7.079839, 3.776313;...
   4.156034, 3.851193, 6.789569;...
   4.289325, 4.490082, 6.144085;...
   1.002666, 1.846537, 9.558496;...
   2.008732, 3.483093, 8.383306;...
   2.303561, 1.646523, 9.198257;...
   0.541356, 4.796046, 7.670488;...
   2.828384, 6.954394, 4.363665;...
   0.208778, 0.435666, 9.976661;...
   1.768690, 4.572000, 7.596855;...
   4.586930, 3.272484, 6.825092;...
   6.342742, 4.742760, 3.727585;...
   3.821119, 3.024906, 7.624899;...
   2.496647, 5.348239, 6.516309;...
   5.888583, 4.677667, 4.344402;...
   0.700288, 4.648928, 7.789706;...
   3.873245, 9.142257, 0.141711;...
   7.029614, 6.324375, 1.058681;...
   1.036576, 4.346002, 8.003778;...
   1.319525, 5.418603, 6.889760;...
   4.925690, 7.570948, 1.841832;...
   1.834963, 6.088964, 5.955743;...
   1.032518, 2.126554, 9.441168;...
   2.959152, 6.495028, 4.905804;...
   1.768762, 9.703387, 0.271576;...
   1.252479, 1.870061, 9.493417;...
   2.525995, 1.910648, 8.996877;...
   4.003348, 7.536956, 2.716750;...
   0.923533, 5.809185, 6.540046;...
   2.385446, 2.977378, 8.544487;...
   1.927648, 8.407602, 2.559641;...
   5.409120, 4.908133, 4.665166;...
   0.198323, 0.265165, 9.989036;...
   0.009134, 6.960655, 5.154919;...
   0.184591, 0.712901, 9.945770;...
   2.045417, 2.535325, 8.938840;...
   0.498724, 2.394677, 9.401680;...
   4.121494, 3.500265, 7.076144;...
   0.725808, 0.865021, 9.872494;...
   0.319848, 1.339019, 9.810472;...
   0.117438, 0.546002, 9.968809;...
   2.559313, 1.788568, 9.025094;...
   5.480506, 3.608472, 5.694298;...
   3.813182, 8.861616, 0.693141;...
   1.038910, 1.450046, 9.681803;...
   6.676218, 6.096248, 1.826387;...
   0.776629, 2.604978, 9.261093;...
   2.275836, 1.586845, 9.230250;...
   0.247055, 2.964975, 9.114789;...
   3.544051, 6.618041, 4.364123;...
   2.121763, 2.779150, 8.777445;...
   4.594377, 6.198674, 4.046814;...
   1.619679, 2.083416, 9.303602;...
   2.253698, 1.794632, 9.170014;...
   6.259845, 4.928490, 3.652433;...
   0.304125, 1.938939, 9.614802;...
   0.357181, 8.482122, 2.792603;...
   0.827322, 1.526061, 9.698668;...
   0.820234, 2.040475, 9.516368;...
   0.299374, 0.424847, 9.972988;...
   0.182081, 0.286745, 9.988462;...
   0.595942, 0.919724, 9.879896;...
   0.778721, 8.101336, 3.376195;...
   0.563533, 2.444194, 9.370835;...
   2.388566, 1.831692, 9.093966;...
   3.622563, 4.964687, 6.222892;...
   2.693261, 6.154210, 5.487205;...
   2.564501, 2.137853, 8.885292;...
   6.600993, 6.036059, 1.999288;...
   2.673511, 5.200709, 6.580497;...
   5.637414, 4.791543, 4.526068;...
   1.464707, 3.052162, 8.853894;...
   3.160065, 4.155427, 7.274642;...
   2.868436, 9.484800, 0.181064;...
   0.233756, 1.304023, 9.824488;...
   3.701159, 8.318683, 1.710094;...
   0.392581, 4.626153, 7.844459;...
   2.048607, 5.141096, 6.937234;...
   0.021634, 0.274732, 9.992405;...
   4.656806, 5.916361, 4.331083;...
   0.008379, 5.603192, 6.860417;...
   5.077605, 5.381613, 4.525617;...
   0.364749, 8.599404, 2.591722;...
   0.067094, 0.046239, 9.999336;...
   0.230122, 0.329531, 9.983845;...
   3.785377, 8.476609, 1.381802;...
   0.178548, 0.325330, 9.986228;...
   0.990288, 6.565959, 5.590751;...
   5.123309, 4.334686, 5.496220;...
   0.315788, 0.742218, 9.934939;...
   5.393518, 6.949567, 2.261349;...
   2.151943, 5.381787, 6.640551;...
   0.846811, 1.664733, 9.651157;...
   2.914158, 7.119801, 4.081612;...
   0.148257, 0.285118, 9.989673;...
   1.155394, 1.918739, 9.498350;...
   1.105675, 4.560404, 7.798020;...
   0.907879, 8.965042, 1.880377;...
   0.293615, 0.210085, 9.986965;...
   1.264900, 7.103755, 4.793669;...
   1.249672, 4.332798, 7.966518;...
   1.650841, 9.685137, 0.347284;...
   0.659953, 2.934300, 9.095435;...
   2.437762, 1.705173, 9.114971;...
   1.419977, 1.498294, 9.573878;...
   1.740970, 2.052912, 9.275458;...
   1.188500, 1.399807, 9.662801;...
   1.327226, 7.055114, 4.846384;...
   1.121106, 1.682559, 9.591212;...
   1.883988, 6.163704, 5.845934;...
   2.654553, 3.015510, 8.386004;...
   1.682278, 7.996910, 3.321938;...
   1.402873, 1.020829, 9.698985;...
   3.509112, 4.491712, 6.751066;...
   3.586163, 3.359720, 7.585172;...
   2.298317, 6.693338, 4.991696;...
   4.620105, 3.782437, 6.434780;...
   5.705050, 7.619612, 0.939392;...
   1.602142, 5.110759, 7.131328;...
   0.844419, 7.595344, 4.159770;...
   1.898471, 1.260482, 9.480699;...
   1.886080, 1.895560, 9.284955;...
   1.276520, 8.684726, 2.294604;...
   4.893708, 8.468248, 0.434041;...
   1.642172, 6.489689, 5.518721;...
   1.744982, 7.755264, 3.681092;...
   0.287425, 0.287462, 9.983475;...
   6.462512, 4.252500, 4.015218;...
   0.973199, 4.350624, 8.012495;...
   0.245861, 2.896166, 9.155178;...
   4.727280, 3.163872, 6.764273;...
   5.673871, 6.753347, 2.219949;...
   3.064082, 4.504136, 7.032416;...
   1.186482, 9.498312, 0.837432;...
   0.038064, 0.135760, 9.998012;...
   0.867174, 3.543620, 8.669076;...
   1.700403, 8.835329, 1.904558;...
   0.333421, 0.319435, 9.978679;...
   1.251314, 7.718991, 3.885139;...
   3.128376, 2.189525, 8.541924;...
   4.308586, 6.508866, 3.907075;...
   5.142611, 7.865971, 1.168004;...
   0.319673, 0.486332, 9.966129;...
   0.461255, 7.958384, 3.645137;...
   1.901482, 5.275235, 6.855627;...
   0.272063, 0.470191, 9.970490;...
   3.826254, 3.731712, 7.143411;...
   1.644726, 1.408784, 9.531020;...
   0.864305, 8.262973, 3.097625;...
   0.542095, 4.066015, 8.317366;...
   0.407696, 1.456514, 9.771235;...
   1.472366, 5.302473, 6.971591;...
   1.182706, 3.034934, 8.939038;...
   0.814579, 1.947138, 9.554511;...
   3.427701, 4.644729, 6.667736;...
   5.045232, 4.783937, 5.165959;...
   2.648631, 5.781636, 5.955743;...
   2.269031, 1.588592, 9.232788;...
   2.076932, 6.093979, 5.854978;...
   1.298590, 4.096407, 8.153312;...
   0.225964, 1.683872, 9.711352;...
   3.436530, 5.805554, 5.448580;...
   0.128766, 4.530779, 7.945546;...
   0.642919, 0.952685, 9.867905;...
   2.796810, 1.892931, 8.859467;...
   1.140740, 3.715033, 8.489724;...
   1.615352, 3.435705, 8.558657;...
   0.832561, 2.852255, 9.117148;...
   1.066503, 4.103928, 8.202035;...
   1.816738, 3.307858, 8.575754;...
   3.539870, 5.819351, 5.360447;...
   0.193202, 8.032284, 3.544508;...
   0.753935, 0.921378, 9.858265;...
   0.028538, 8.579010, 2.639977;...
   7.528577, 5.662131, 1.126081;...
   0.946449, 4.153613, 8.185173;...
   0.543745, 1.682564, 9.687332;...
   1.305457, 0.965816, 9.736298;...
   0.131589, 0.625051, 9.959200;...
   5.241910, 5.876490, 3.798924;...
   0.071172, 1.686478, 9.715073;...
   0.026154, 0.108279, 9.998759;...
   0.067386, 0.234982, 9.994024;...
   1.848142, 4.452035, 7.676376;...
   4.961833, 6.304286, 3.563619;...
   1.512362, 5.238177, 7.027426;...
   0.398041, 1.157251, 9.850233;...
   0.036682, 0.854952, 9.926771;...
   4.994927, 5.881896, 4.045401;...
   2.586527, 9.269924, 0.737839;...
   3.008149, 8.771895, 1.400489;...
   0.893245, 0.925223, 9.834608;...
   4.810847, 3.782676, 6.254711;...
   0.636372, 0.779791, 9.898696;...
   0.134311, 6.538432, 5.723086;...
   0.264557, 6.255280, 6.080148;...
   3.634515, 3.760261, 7.265074;...
   3.371590, 7.393708, 3.396547;...
   0.075987, 1.782493, 9.681694;...
   1.497930, 2.091660, 9.338116;...
   5.018962, 3.850049, 5.998714;...
   3.911138, 2.685592, 7.749060;...
   1.095137, 4.014189, 8.268697;...
   5.041276, 6.083613, 3.757519;...
   4.084924, 5.293393, 5.529339;...
   0.605005, 4.699828, 7.754559;...
   2.239767, 1.671263, 9.219032;...
   2.026048, 8.183986, 2.891750;...
   2.851505, 4.202124, 7.421107;...
   0.137502, 0.142982, 9.996065;...
   5.866752, 7.278742, 1.260115;...
   0.724622, 5.748140, 6.643381;...
   3.353125, 4.607817, 6.752457;...
   0.100394, 1.182611, 9.859135;...
   0.569821, 5.740396, 6.672315;...
   2.971310, 3.043851, 8.190629;...
   0.859121, 5.193250, 7.229206;...
   0.409770, 0.433243, 9.964439;...
   3.268984, 2.925718, 8.075392;...
   0.190860, 4.089912, 8.323619;...
   2.324155, 1.785792, 9.140925;...
   1.449298, 2.088235, 9.353881;...
   2.051710, 1.566322, 9.333712;...
   0.367992, 2.096307, 9.547008;...
   0.894860, 7.685744, 4.012857;...
   0.386060, 7.716415, 4.030790;...
   2.640363, 8.779948, 1.594099;...
   1.342371, 5.101468, 7.217307;...
   1.510655, 2.875754, 8.944796;...
   0.140113, 4.210444, 8.225253;...
   1.450606, 4.498611, 7.765824;...
   2.505043, 7.748377, 3.368742;...
   2.935680, 2.859300, 8.320619;...
   4.368562, 5.536582, 5.026193;...
   0.397203, 3.003729, 9.081984;...
   0.168407, 0.527049, 9.969386;...
   1.684135, 3.754044, 8.307085;...
   1.496628, 4.967911, 7.307997;...
   3.606772, 4.518417, 6.657511;...
   1.074902, 5.843299, 6.470044;...
   0.406040, 0.583753, 9.949436;...
   1.596072, 8.946236, 1.741741;...
   1.926934, 7.598460, 3.855033;...
   1.828758, 6.314509, 5.678262;...
   4.266750, 3.041306, 7.254531;...
   4.162150, 6.276405, 4.328324;...
   2.058476, 4.680737, 7.385338;...
   1.527546, 6.343529, 5.742624;...
   2.892938, 2.737249, 8.413838;...
   2.900356, 6.375259, 5.094401;...
   0.413652, 2.293077, 9.457069;...
   5.269237, 6.459584, 3.050892;...
   0.617060, 9.461390, 1.010134;...
   0.408216, 2.077340, 9.551802;...
   0.361563, 2.820943, 9.191155;...
   3.263491, 2.817333, 8.141226;...
   0.047048, 6.882068, 5.263493;...
   0.209392, 0.459297, 9.974520;...
   4.240267, 6.415012, 4.086776;...
   3.886938, 7.418598, 2.985611;...
   3.532271, 3.524334, 7.510213;...
   0.253982, 0.576762, 9.960284;...
   2.264087, 5.619915, 6.329047;...
   7.671768, 5.494900, 1.095005;...
   1.193514, 6.609310, 5.489255;...
   1.986460, 5.598128, 6.471494;...
   1.545119, 4.111476, 8.070837;...
   0.548041, 2.121903, 9.519718;...
   0.499193, 8.594787, 2.588044;...
   2.203525, 3.099454, 8.553787;...
   0.904429, 6.203221, 6.070206;...
   3.773856, 5.056713, 6.018766;...
   1.671837, 3.801249, 8.275547;...
   1.516259, 2.200738, 9.285771;...
   0.101483, 0.268324, 9.991770;...
   4.384726, 8.909959, 0.138681;...
   0.130731, 0.506803, 9.972606;...
   2.467088, 5.369329, 6.508379;...
   5.903546, 5.575260, 3.406463;...
   1.171429, 8.337247, 2.911806;...
   0.763034, 3.408167, 8.780218;...
   0.974130, 5.613607, 6.753848;...
   6.880661, 7.164519, 0.132617;...
   3.233189, 2.851133, 8.141753;...
   0.047879, 0.149700, 9.997530;...
   0.250433, 5.499840, 6.968904;...
   7.310303, 5.839119, 1.246415;...
   5.955032, 7.254534, 1.190933;...
   1.909190, 3.735458, 8.240135;...
   3.518452, 2.817589, 7.968169;...
   0.226122, 5.181689, 7.309897;...
   4.027638, 2.623948, 7.689304;...
   1.586727, 2.919184, 8.896066;...
   1.475907, 1.924528, 9.411789;...
   0.594535, 1.939167, 9.588616;...
   0.162990, 0.212680, 9.992820;...
   3.053490, 1.999142, 8.667963;...
   0.091967, 8.210795, 3.257439;...
   3.820384, 5.906698, 5.051558;...
   6.475695, 4.825865, 3.477640;...
   0.443238, 0.429340, 9.961921;...
   0.006408, 1.019298, 9.896099;...
   1.160962, 4.819255, 7.542694;...
   2.127194, 2.279373, 9.027950;...
   0.809225, 0.887313, 9.855783;...
   4.775488, 4.979490, 5.239940;...
   6.627013, 5.609704, 2.461392;...
   3.753442, 2.726890, 7.847575;...
   5.676021, 4.223732, 4.994288;...
   0.892102, 9.607096, 0.690787;...
   5.301479, 5.223151, 4.461301;...
   0.284280, 0.729356, 9.938722;...
   2.064580, 2.726783, 8.830217;...
   1.438988, 9.150523, 1.419724;...
   4.102521, 8.998779, 0.219130;...
   0.806757, 1.621342, 9.672039;...
   2.512477, 1.751161, 9.062090;...
   5.240595, 3.716673, 5.872250;...
   0.308470, 4.212789, 8.215726;...
   0.166243, 2.958986, 9.121677;...
   0.040574, 0.629817, 9.960168;...
   4.690290, 4.441945, 5.827030;...
   0.568298, 2.491945, 9.346725;...
   0.275653, 2.864970, 9.171596;...
   3.603100, 5.322638, 5.868720;...
   0.695568, 0.985686, 9.854461;...
   0.005897, 1.694988, 9.712698;...
   0.686483, 8.489089, 2.746411;...
   3.443389, 3.171732, 7.808319;...
   1.857901, 1.237717, 9.501626;...
   5.449040, 5.235159, 4.290108;...
   1.782005, 1.796765, 9.359609;...
   0.253193, 5.892876, 6.520991;...
   0.538410, 3.799130, 8.527672;...
   3.646103, 3.928761, 7.127077;...
   0.690471, 3.949622, 8.392373;...
   6.538280, 4.552644, 3.652433;...
   5.685678, 7.327401, 1.398226;...
   0.071270, 2.826642, 9.200502;...
   0.506938, 8.525852, 2.705286;...
   2.960486, 4.908277, 6.714434;...
   6.345215, 5.862907, 2.536458;...
   5.838495, 6.241651, 2.695377;...
   2.940491, 8.003490, 2.729766;...
   0.055967, 3.704524, 8.627337;...
   1.356616, 1.254266, 9.658641;...
   1.051544, 2.491756, 9.268541;...
   4.475553, 8.596837, 0.606382;...
   0.761817, 1.420612, 9.740150;...
   2.441190, 4.541930, 7.341146;...
   0.941992, 2.172498, 9.439290;...
   3.676033, 2.962053, 7.771303;...
   6.236134, 4.090732, 4.437654;...
   3.397518, 3.175403, 7.837368;...
   0.727246, 8.474666, 2.765114;...
   1.271050, 9.878585, 0.079798;...
   1.638203, 7.624385, 3.918505;...
   4.155074, 3.034398, 7.352779;...
   2.410621, 6.499321, 5.194773;...
   2.468774, 5.603495, 6.250600;...
   7.950556, 5.910643, 0.185297;...
   5.920399, 5.281169, 3.705813;...
   0.173242, 0.325077, 9.986431;...
   2.436050, 8.603700, 2.004201;...
   1.792559, 5.224584, 6.949045;...
   2.718234, 5.144016, 6.615031;...
   1.430552, 3.523585, 8.553786;...
   0.069644, 0.688340, 9.952134;...
   0.104316, 0.867803, 9.923604;...
   4.789779, 7.463287, 2.135736;...
   0.160080, 0.296467, 9.988648;...
   1.370817, 8.425237, 2.713624;...
   1.894845, 1.843292, 9.301184;...
   5.741234, 7.359965, 1.286914;...
   8.166612, 5.256755, 0.567297;...
   0.019794, 0.621042, 9.961392;...
   3.591268, 2.870687, 7.886195;...
   7.198913, 5.668191, 1.604727;...
   2.101909, 6.357294, 5.516679;...
   4.558037, 3.699669, 6.553675;...
   2.275393, 3.922210, 7.943885;...
   0.158509, 8.541576, 2.701636;...
   0.811992, 1.284367, 9.769107;...
   5.116033, 6.656802, 2.951320;...
   0.711951, 6.213810, 6.088169;...
   6.631998, 5.980579, 2.024928;...
   8.009368, 5.213810, 0.866621;...
   1.099539, 2.228302, 9.382568;...
   3.714473, 5.015678, 6.104567;...
   0.504293, 8.961316, 1.944051;...
   0.273476, 2.408302, 9.412529;...
   3.315623, 8.464648, 1.735639;...
   2.022875, 9.520740, 0.526349;...
   2.996975, 6.110213, 5.368344;...
   3.480774, 6.864040, 4.076916;...
   7.740445, 5.942205, 0.477571;...
   2.113850, 5.484609, 6.545070;...
   2.013931, 6.794516, 4.977864;...
   6.500618, 6.823190, 1.118604;...
   2.283916, 8.636806, 2.018931;...
   5.227379, 4.123887, 5.566806;...
   0.370631, 6.301558, 6.015300;...
   2.257732, 6.242661, 5.593183;...
   0.348508, 0.475217, 9.965271;...
   4.990475, 7.815301, 1.401622;...
   1.942919, 4.333016, 7.745004;...
   1.378960, 1.489048, 9.588121;...
   0.080363, 0.064670, 9.998936;...
   3.328977, 5.771554, 5.560708;...
   3.312751, 7.806681, 2.808141;...
   1.848575, 7.776718, 3.610543;...
   4.753929, 5.575649, 4.631230;...
   4.388275, 3.898147, 6.554750;...
   6.176918, 7.852557, 0.018303;...
   0.226843, 2.211057, 9.505977;...
   0.586382, 1.688227, 9.680605;...
   7.282357, 5.139362, 2.055423;...
   0.049046, 0.710917, 9.949219;...
   0.028200, 0.032098, 9.999817;...
   2.785822, 5.256375, 6.460972;...
   1.839454, 5.580055, 6.547940;...
   0.675437, 3.935811, 8.405318;...
   4.590734, 3.324709, 6.787148;...
   1.512642, 7.331465, 4.396153;...
   1.061980, 4.763891, 7.617755;...
   1.571911, 1.072312, 9.637924;...
   8.022162, 5.227718, 0.831588;...
   1.509020, 6.313137, 5.786716;...
   0.131050, 8.656804, 2.504257;...
   2.351177, 3.636374, 8.124875;...
   1.598319, 3.855877, 8.257759;...
   6.719533, 5.313036, 2.661952;...
   1.452459, 1.869377, 9.439579;...
   3.131812, 2.155674, 8.554483;...
   0.280047, 4.962960, 7.529060;...
   7.556918, 6.126537, 0.535853;...
   1.836505, 1.536012, 9.426792;...
   2.871331, 3.412746, 8.010862;...
   1.091774, 9.339768, 1.157677;...
   3.308043, 2.368315, 8.344794;...
   0.547563, 0.550416, 9.939722;...
   4.918743, 7.099240, 2.540676;...
   0.302414, 0.448327, 9.970755;...
   0.086411, 0.057994, 9.998917;...
   1.875216, 4.603911, 7.528757;...
   3.288656, 8.878241, 1.036157;...
   3.728618, 6.891276, 3.860773;...
   2.945580, 6.083657, 5.431268;...
   4.880807, 5.875718, 4.165366;...
   2.501038, 1.609242, 9.115515;...
   0.908967, 1.904229, 9.554769;...
   2.956477, 3.919893, 7.589369;...
   4.634278, 4.014312, 6.240877;...
   2.143403, 7.767813, 3.506690;...
   2.849351, 6.366467, 5.134930;...
   3.437269, 4.211665, 7.044706;...
   1.123884, 6.282913, 5.926189;...
   5.735048, 5.348976, 3.849768;...
   2.531294, 2.906824, 8.514292;...
   6.940349, 6.796192, 0.564333;...
   99999999.000000, 99999999.000000, 0.000000]; drawZeroBoxes(L);

THE CONTRIBUTIONS: 
C(1)=0.000000;
C(2)=0.000000;
C(3)=0.000000;
C(4)=0.000000;
C(5)=0.000001;
C(6)=0.000000;
C(7)=0.000000;
C(8)=0.000000;
C(9)=0.000001;
C(10)=0.000001;
C(11)=0.000000;
C(12)=0.000002;
C(13)=0.000000;
C(14)=0.000000;
C(15)=0.000002;
C(16)=0.000004;
C(17)=0.000005;
C(18)=0.000005;
C(19)=0.000001;
C(20)=0.000001;
C(21)=0.000015;
C(22)=0.000003;
C(23)=0.000001;
C(24)=0.000000;
C(25)=0.000001;
C(26)=0.000002;
C(27)=0.000003;
C(28)=0.000002;
C(29)=0.000007;
C(30)=0.000001;
C(31)=0.000002;
C(32)=0.000023;
C(33)=0.000001;
C(34)=0.000001;
C(35)=0.000002;
C(36)=0.000010;
C(37)=0.000006;
C(38)=0.000000;
C(39)=0.000000;
C(40)=0.000004;
C(41)=0.000009;
C(42)=0.000004;
C(43)=0.000003;
C(44)=0.000007;
C(45)=0.000000;
C(46)=0.000008;
C(47)=0.000082;
C(48)=0.000026;
C(49)=0.000024;
C(50)=0.000009;
C(51)=0.000005;
C(52)=0.000007;
C(53)=0.000004;
C(54)=0.000127;
C(55)=0.000024;
C(56)=0.000008;
C(57)=0.000004;
C(58)=0.000006;
C(59)=0.000016;
C(60)=0.000019;
C(61)=0.000014;
C(62)=0.000013;
C(63)=0.000015;
C(64)=0.000322;
C(65)=0.000011;
C(66)=0.000002;
C(67)=0.000048;
C(68)=0.000002;
C(69)=0.000006;
C(70)=0.000004;
C(71)=0.000007;
C(72)=0.000021;
C(73)=0.000024;
C(74)=0.000012;
C(75)=0.000005;
C(76)=0.000006;
C(77)=0.000036;
C(78)=0.000083;
C(79)=0.000002;
C(80)=0.000008;
C(81)=0.000022;
C(82)=0.000153;
C(83)=0.000212;
C(84)=0.000087;
C(85)=0.000097;
C(86)=0.000032;
C(87)=0.000050;
C(88)=0.000079;
C(89)=0.000069;
C(90)=0.000221;
C(91)=0.000009;
C(92)=0.000061;
C(93)=0.000147;
C(94)=0.000263;
C(95)=0.000504;
C(96)=0.000005;
C(97)=0.000002;
C(98)=0.000217;
C(99)=0.000481;
C(100)=0.000022;
C(101)=0.000161;
C(102)=0.000124;
C(103)=0.000163;
C(104)=0.000001;
C(105)=0.000675;
C(106)=0.000012;
C(107)=0.000310;
C(108)=0.000228;
C(109)=0.000156;
C(110)=0.000243;
C(111)=0.000077;
C(112)=0.000053;
C(113)=0.000010;
C(114)=0.000064;
C(115)=0.000019;
C(116)=0.000005;
C(117)=0.000001;
C(118)=0.000016;
C(119)=0.000065;
C(120)=0.000002;
C(121)=0.000182;
C(122)=0.000046;
C(123)=0.000024;
C(124)=0.001225;
C(125)=0.000225;
C(126)=0.000153;
C(127)=0.000216;
C(128)=0.000005;
C(129)=0.000000;
C(130)=0.000024;
C(131)=0.000220;
C(132)=0.000264;
C(133)=0.000225;
C(134)=0.000306;
C(135)=0.000352;
C(136)=0.000325;
C(137)=0.000688;
C(138)=0.000110;
C(139)=0.000162;
C(140)=0.000077;
C(141)=0.002343;
C(142)=0.001061;
C(143)=0.000250;
C(144)=0.000332;
C(145)=0.000715;
C(146)=0.000687;
C(147)=0.000118;
C(148)=0.000515;
C(149)=0.000178;
C(150)=0.001212;
C(151)=0.002676;
C(152)=0.000584;
C(153)=0.000098;
C(154)=0.000142;
C(155)=0.000497;
C(156)=0.000317;
C(157)=0.000217;
C(158)=0.000135;
C(159)=0.000020;
C(160)=0.000124;
C(161)=0.000001;
C(162)=0.000222;
C(163)=0.000401;
C(164)=0.003776;
C(165)=0.000585;
C(166)=0.000083;
C(167)=0.000079;
C(168)=0.001403;
C(169)=0.000129;
C(170)=0.000069;
C(171)=0.000424;
C(172)=0.000429;
C(173)=0.001606;
C(174)=0.002444;
C(175)=0.000769;
C(176)=0.001992;
C(177)=0.000253;
C(178)=0.007321;
C(179)=0.000796;
C(180)=0.000197;
C(181)=0.000768;
C(182)=0.000557;
C(183)=0.000078;
C(184)=0.000067;
C(185)=0.000129;
C(186)=0.000001;
C(187)=0.000249;
C(188)=0.000208;
C(189)=0.000137;
C(190)=0.000780;
C(191)=0.000454;
C(192)=0.000422;
C(193)=0.000247;
C(194)=0.000487;
C(195)=0.000359;
C(196)=0.000244;
C(197)=0.000106;
C(198)=0.000424;
C(199)=0.000233;
C(200)=0.000363;
C(201)=0.000120;
C(202)=0.000153;
C(203)=0.000189;
C(204)=0.001542;
C(205)=0.000393;
C(206)=0.000280;
C(207)=0.000478;
C(208)=0.000140;
C(209)=0.000997;
C(210)=0.000003;
C(211)=0.000578;
C(212)=0.000276;
C(213)=0.000404;
C(214)=0.000966;
C(215)=0.001875;
C(216)=0.000141;
C(217)=0.000424;
C(218)=0.000876;
C(219)=0.000022;
C(220)=0.000023;
C(221)=0.001592;
C(222)=0.000352;
C(223)=0.000281;
C(224)=0.000470;
C(225)=0.000231;
C(226)=0.000428;
C(227)=0.000960;
C(228)=0.000538;
C(229)=0.000454;
C(230)=0.000610;
C(231)=0.000427;
C(232)=0.001174;
C(233)=0.005384;
C(234)=0.001091;
C(235)=0.000904;
C(236)=0.000371;
C(237)=0.000639;
C(238)=0.000147;
C(239)=0.000779;
C(240)=0.000154;
C(241)=0.000402;
C(242)=0.001321;
C(243)=0.000234;
C(244)=0.000310;
C(245)=0.000360;
C(246)=0.001752;
C(247)=0.001372;
C(248)=0.001233;
C(249)=0.000478;
C(250)=0.000431;
C(251)=0.000236;
C(252)=0.000316;
C(253)=0.000401;
C(254)=0.003133;
C(255)=0.000214;
C(256)=0.000578;
C(257)=0.000173;
C(258)=0.000766;
C(259)=0.001621;
C(260)=0.000466;
C(261)=0.002090;
C(262)=0.000370;
C(263)=0.000173;
C(264)=0.000058;
C(265)=0.000024;
C(266)=0.000925;
C(267)=0.000143;
C(268)=0.000901;
C(269)=0.000142;
C(270)=0.000082;
C(271)=0.004447;
C(272)=0.002235;
C(273)=0.001875;
C(274)=0.002606;
C(275)=0.000100;
C(276)=0.000345;
C(277)=0.003343;
C(278)=0.000249;
C(279)=0.003443;
C(280)=0.000179;
C(281)=0.000012;
C(282)=0.002714;
C(283)=0.000607;
C(284)=0.003848;
C(285)=0.000041;
C(286)=0.000077;
C(287)=0.000615;
C(288)=0.000184;
C(289)=0.014497;
C(290)=0.001174;
C(291)=0.000229;
C(292)=0.001110;
C(293)=0.000048;
C(294)=0.000365;
C(295)=0.000004;
C(296)=0.000038;
C(297)=0.000602;
C(298)=0.001191;
C(299)=0.005446;
C(300)=0.000040;
C(301)=0.000175;
C(302)=0.000274;
C(303)=0.000769;
C(304)=0.000846;
C(305)=0.002811;
C(306)=0.004802;
C(307)=0.001155;
C(308)=0.000105;
C(309)=0.000257;
C(310)=0.007041;
C(311)=0.005643;
C(312)=0.000452;
C(313)=0.000322;
C(314)=0.006359;
C(315)=0.011289;
C(316)=0.002977;
C(317)=0.000425;
C(318)=0.004882;
C(319)=0.008284;
C(320)=0.001570;
C(321)=0.000486;
C(322)=0.002206;
C(323)=0.005154;
C(324)=0.028787;
C(325)=0.008389;
C(326)=0.002520;
C(327)=0.001130;
C(328)=0.008559;
C(329)=0.003085;
C(330)=0.004182;
C(331)=0.006637;
C(332)=0.001179;
C(333)=0.005011;
C(334)=0.006408;
C(335)=0.009616;
C(336)=0.003404;
C(337)=0.003737;
C(338)=0.034722;
C(339)=0.001701;
C(340)=0.004150;
C(341)=0.001772;
C(342)=0.003314;
C(343)=0.002872;
C(344)=0.000130;
C(345)=0.012135;
C(346)=0.002595;
C(347)=0.002620;
C(348)=0.000919;
C(349)=0.000777;
C(350)=0.002194;
C(351)=0.001246;
C(352)=0.002951;
C(353)=0.003515;
C(354)=0.000546;
C(355)=0.004796;
C(356)=0.003075;
C(357)=0.000446;
C(358)=0.006154;
C(359)=0.003463;
C(360)=0.008519;
C(361)=0.002683;
C(362)=0.026356;
C(363)=0.002673;
C(364)=0.007914;
C(365)=0.000574;
C(366)=0.004242;
C(367)=0.000287;
C(368)=0.007091;
C(369)=0.001133;
C(370)=0.008871;
C(371)=0.003714;
C(372)=0.000782;
C(373)=0.002162;
C(374)=0.008904;
C(375)=0.002403;
C(376)=0.002403;
C(377)=0.000296;
C(378)=0.000197;
C(379)=0.000599;
C(380)=0.002579;
C(381)=0.002024;
C(382)=0.000795;
C(383)=0.006508;
C(384)=0.009509;
C(385)=0.002467;
C(386)=0.001436;
C(387)=0.000816;
C(388)=0.003067;
C(389)=0.000371;
C(390)=0.000250;
C(391)=0.000536;
C(392)=0.007774;
C(393)=0.000304;
C(394)=0.000030;
C(395)=0.002926;
C(396)=0.002005;
C(397)=0.001207;
C(398)=0.001211;
C(399)=0.000835;
C(400)=0.000709;
C(401)=0.001520;
C(402)=0.000378;
C(403)=0.001539;
C(404)=0.001232;
C(405)=0.001890;
C(406)=0.000475;
C(407)=0.000344;
C(408)=0.022158;
C(409)=0.001438;
C(410)=0.000568;
C(411)=0.003906;
C(412)=0.007554;
C(413)=0.001267;
C(414)=0.003129;
C(415)=0.000955;
C(416)=0.010799;
C(417)=0.000309;
C(418)=0.006967;
C(419)=0.002281;
C(420)=0.001543;
C(421)=0.001698;
C(422)=0.000133;
C(423)=0.001554;
C(424)=0.001488;
C(425)=0.004969;
C(426)=0.008653;
C(427)=0.004299;
C(428)=0.009105;
C(429)=0.038706;
C(430)=0.003157;
C(431)=0.004234;
C(432)=0.003040;
C(433)=0.002186;
C(434)=0.003117;
C(435)=0.001402;
C(436)=0.002006;
C(437)=0.000728;
C(438)=0.000712;
C(439)=0.001801;
C(440)=0.001798;
C(441)=0.004794;
C(442)=0.001482;
C(443)=0.004209;
C(444)=0.011036;
C(445)=0.001840;
C(446)=0.004458;
C(447)=0.025582;
C(448)=0.011556;
C(449)=0.001331;
C(450)=0.001133;
C(451)=0.050086;
C(452)=0.002004;
C(453)=0.001701;
C(454)=0.005290;
C(455)=0.002119;
C(456)=0.004125;
C(457)=0.005420;
C(458)=0.003015;
C(459)=0.001845;
C(460)=0.001619;
C(461)=0.002705;
C(462)=0.007949;
C(463)=0.001903;
C(464)=0.001584;
C(465)=0.005550;
C(466)=0.000737;
C(467)=0.000880;
C(468)=0.003875;
C(469)=0.003818;
C(470)=0.006194;
C(471)=0.000889;
C(472)=0.003927;
C(473)=0.005658;
C(474)=0.007422;
C(475)=0.000673;
C(476)=0.001000;
C(477)=0.010549;
C(478)=0.002486;
C(479)=0.023077;
C(480)=0.011166;
C(481)=0.008379;
C(482)=0.005109;
C(483)=0.041109;
C(484)=0.012163;
C(485)=0.001815;
C(486)=0.013748;
C(487)=0.010997;
C(488)=0.010864;
C(489)=0.002945;
C(490)=0.146399;
C(491)=0.002813;
C(492)=0.000722;
C(493)=0.001569;
C(494)=0.002104;
C(495)=0.010391;
C(496)=0.008441;
C(497)=0.026165;
C(498)=0.004286;
C(499)=0.001603;
C(500)=0.005065;
C(501)=0.009838;
C(502)=0.002938;
C(503)=0.023323;
C(504)=0.007812;
C(505)=0.002081;
C(506)=0.005820;
C(507)=0.004856;
C(508)=0.002734;
C(509)=0.004477;
C(510)=0.007553;
C(511)=0.001422;
C(512)=0.003592;
C(513)=0.002782;
C(514)=0.002338;
C(515)=0.006479;
C(516)=0.016283;
C(517)=0.003444;
C(518)=0.013765;
C(519)=0.000021;
C(520)=0.006345;
C(521)=0.002406;
C(522)=0.041012;
C(523)=0.004933;
C(524)=0.006256;
C(525)=0.010102;
C(526)=0.005710;
C(527)=0.003279;
C(528)=0.028493;
C(529)=0.004213;
C(530)=0.001148;
C(531)=0.005366;
C(532)=0.001223;
C(533)=0.009289;
C(534)=0.023624;
C(535)=0.058214;
C(536)=0.001012;
C(537)=0.001546;
C(538)=0.007535;
C(539)=0.012425;
C(540)=0.001336;
C(541)=0.008840;
C(542)=0.004554;
C(543)=0.004242;
C(544)=0.003205;
C(545)=0.004675;
C(546)=0.005564;
C(547)=0.002390;
C(548)=0.002950;
C(549)=0.007568;
C(550)=0.001358;
C(551)=0.004376;
C(552)=0.003942;
C(553)=0.001040;
C(554)=0.001365;
C(555)=0.001307;
C(556)=0.004203;
C(557)=0.001306;
C(558)=0.003574;
C(559)=0.001018;
C(560)=0.007303;
C(561)=0.002121;
C(562)=0.000621;
C(563)=0.005275;
C(564)=0.000769;
C(565)=0.000994;
C(566)=0.016259;
C(567)=0.018288;
C(568)=0.001498;
C(569)=0.001635;
C(570)=0.003428;
C(571)=0.006676;
C(572)=0.003278;
C(573)=0.002970;
C(574)=0.002498;
C(575)=0.014881;
C(576)=0.002750;
C(577)=0.011264;
C(578)=0.014966;
C(579)=0.011682;
C(580)=0.004108;
C(581)=0.012160;
C(582)=0.005837;
C(583)=0.005451;
C(584)=0.021461;
C(585)=0.034911;
C(586)=0.006386;
C(587)=0.014212;
C(588)=0.006198;
C(589)=0.001633;
C(590)=0.002255;
C(591)=0.000711;
C(592)=0.003053;
C(593)=0.090410;
C(594)=0.008724;
C(595)=0.005751;
C(596)=0.001589;
C(597)=0.016521;
C(598)=0.000375;
C(599)=0.002603;
C(600)=0.014677;
C(601)=0.004166;
C(602)=0.005656;
C(603)=0.018427;
C(604)=0.002732;
C(605)=0.003975;
C(606)=0.002713;
C(607)=0.009532;
C(608)=0.002951;
C(609)=0.015066;
C(610)=0.006814;
C(611)=0.021729;
C(612)=0.006257;
C(613)=0.002674;
C(614)=0.000383;
C(615)=0.009716;
C(616)=0.000609;
C(617)=0.008152;
C(618)=0.003639;
C(619)=0.005794;
C(620)=0.001265;
C(621)=0.001863;
C(622)=0.008372;
C(623)=0.007782;
C(624)=0.003345;
C(625)=0.000547;
C(626)=0.037475;
C(627)=0.006856;
C(628)=0.001434;
C(629)=0.034999;
C(630)=0.000768;
C(631)=0.000614;
C(632)=0.005044;
C(633)=0.003658;
C(634)=0.001600;
C(635)=0.007644;
C(636)=0.011824;
C(637)=0.008534;
C(638)=0.006888;
C(639)=0.001095;
C(640)=0.007850;
C(641)=0.009929;
C(642)=0.002568;
C(643)=0.003256;
C(644)=0.004656;
C(645)=0.002666;
C(646)=0.004886;
C(647)=0.005307;
C(648)=0.007167;
C(649)=0.001734;
C(650)=0.008425;
C(651)=0.019328;
C(652)=0.003378;
C(653)=0.007057;
C(654)=0.005175;
C(655)=0.004717;
C(656)=0.001111;
C(657)=0.012505;
C(658)=0.002033;
C(659)=0.003986;
C(660)=0.001238;
C(661)=0.021376;
C(662)=0.002992;
C(663)=0.002174;
C(664)=0.004144;
C(665)=0.001957;
C(666)=0.011546;
C(667)=0.006706;
C(668)=0.018731;
C(669)=0.007749;
C(670)=0.000701;
C(671)=0.009025;
C(672)=0.010485;
C(673)=0.015877;
C(674)=0.013868;
C(675)=0.011964;
C(676)=0.000088;
C(677)=0.001474;
C(678)=0.010021;
C(679)=0.020020;
C(680)=0.011850;
C(681)=0.005053;
C(682)=0.001395;
C(683)=0.007842;
C(684)=0.025891;
C(685)=0.003126;
C(686)=0.012443;
C(687)=0.004310;
C(688)=0.001762;
C(689)=0.000889;
C(690)=0.336621;
C(691)=0.008622;
C(692)=0.002939;
C(693)=0.001023;
C(694)=0.003398;
C(695)=0.004729;
C(696)=0.022267;
C(697)=0.001623;
C(698)=0.001653;
C(699)=0.002853;
C(700)=0.008968;
C(701)=0.014959;
C(702)=0.010128;
C(703)=0.002731;
C(704)=0.023385;
C(705)=0.014835;
C(706)=0.004576;
C(707)=0.002186;
C(708)=0.005665;
C(709)=0.016334;
C(710)=0.003211;
C(711)=0.012348;
C(712)=0.005908;
C(713)=0.013180;
C(714)=0.008258;
C(715)=0.224627;
C(716)=0.004359;
C(717)=0.000626;
C(718)=0.030063;
C(719)=0.004182;
C(720)=0.002007;
C(721)=0.006900;
C(722)=0.036251;
C(723)=0.001950;
C(724)=0.007667;
C(725)=0.123609;
C(726)=0.007916;
C(727)=0.040520;
C(728)=0.004685;
C(729)=0.065089;
C(730)=0.016348;
C(731)=0.004221;
C(732)=0.008011;
C(733)=0.034482;
C(734)=0.018864;
C(735)=0.000728;
C(736)=0.007906;
C(737)=0.016678;
C(738)=0.011721;
C(739)=0.010702;
C(740)=0.005487;
C(741)=0.001057;
C(742)=0.000180;
C(743)=0.008995;
C(744)=0.007100;
C(745)=0.019314;
C(746)=0.020509;
C(747)=0.013954;
C(748)=0.000169;
C(749)=0.027960;
C(750)=0.010280;
C(751)=0.005641;
C(752)=0.001005;
C(753)=0.289453;
C(754)=0.005567;
C(755)=0.002137;
C(756)=0.001107;
C(757)=0.002906;
C(758)=0.014823;
C(759)=0.004569;
C(760)=0.026003;
C(761)=0.045910;
C(762)=0.001540;
C(763)=0.001770;
C(764)=0.030076;
C(765)=0.045020;
C(766)=0.004442;
C(767)=0.007334;
C(768)=0.004971;
C(769)=0.029218;
C(770)=0.009823;
C(771)=0.002071;
C(772)=0.009079;
C(773)=0.016116;
C(774)=0.011354;
C(775)=0.011202;
C(776)=0.007207;
C(777)=0.007745;
C(778)=0.006174;
C(779)=0.006376;
C(780)=0.002859;
C(781)=0.005496;
C(782)=0.008317;
C(783)=0.016542;
C(784)=0.044934;
C(785)=0.000079;
C(786)=0.000252;
C(787)=0.001296;
C(788)=0.012297;
C(789)=0.005542;
C(790)=0.013053;
C(791)=0.001851;
C(792)=0.296234;
C(793)=0.005864;
C(794)=0.004145;
C(795)=0.010580;
C(796)=0.014762;
C(797)=0.003185;
C(798)=0.003308;
C(799)=0.012423;
C(800)=0.008635;
C(801)=0.017532;
C(802)=0.020142;
C(803)=0.004229;
C(804)=0.047014;
C(805)=0.014557;
C(806)=0.000424;
C(807)=0.044361;
C(808)=0.065847;
C(809)=0.003258;
C(810)=0.014229;
C(811)=0.042996;
C(812)=0.022107;
C(813)=0.018537;
C(814)=0.035569;
C(815)=0.002431;
C(816)=0.012497;
C(817)=0.003733;
C(818)=0.001604;
C(819)=0.003733;
C(820)=0.017398;
C(821)=0.002815;
C(822)=0.001773;
C(823)=0.000859;
C(824)=0.000817;
C(825)=0.004057;
C(826)=0.015241;
C(827)=0.009382;
C(828)=0.004341;
C(829)=0.000279;
C(830)=0.034592;
C(831)=0.001330;
C(832)=0.034433;
C(833)=0.010662;
C(834)=0.265680;
C(835)=0.033372;
C(836)=0.023364;
C(837)=0.001124;
C(838)=0.001979;
C(839)=0.023157;
C(840)=0.001361;
C(841)=0.043910;
C(842)=0.021081;
C(843)=0.018868;
C(844)=0.013815;
C(845)=0.015177;
C(846)=0.001497;
C(847)=0.000213;
C(848)=0.024934;
C(849)=0.016527;
C(850)=0.000031;
C(851)=0.000278;
C(852)=0.016578;
C(853)=0.000400;
C(854)=0.002720;
C(855)=0.013788;
C(856)=0.026413;
C(857)=0.042486;
C(858)=0.022355;
C(859)=0.002902;
C(860)=0.012226;
C(861)=0.002384;
C(862)=0.001577;
C(863)=0.007215;
C(864)=0.005705;
C(865)=0.010501;
C(866)=0.004410;
C(867)=0.377612;
C(868)=0.012550;
C(869)=0.046851;
C(870)=0.067504;
C(871)=0.011897;
C(872)=0.025283;
C(873)=0.037752;
C(874)=0.023904;
C(875)=0.019114;
C(876)=0.032343;
C(877)=0.231817;
C(878)=0.004995;
C(879)=0.012620;
C(880)=0.015816;
C(881)=0.019847;
C(882)=0.007667;
C(883)=0.002924;
C(884)=0.024723;
C(885)=0.006765;
C(886)=0.025240;
C(887)=0.021129;
C(888)=0.029511;
C(889)=0.002445;
C(890)=0.000571;
C(891)=0.001688;
C(892)=0.021333;
C(893)=0.027269;
C(894)=0.057578;
C(895)=0.010744;
C(896)=0.020746;
C(897)=0.019325;
C(898)=0.027068;
C(899)=0.022896;
C(900)=0.008069;
C(901)=0.013432;
C(902)=0.004719;
C(903)=0.009024;
C(904)=0.007439;
C(905)=0.004632;
C(906)=0.004325;
C(907)=0.010811;
C(908)=0.002289;
C(909)=0.013545;
C(910)=0.021207;
C(911)=0.006536;
C(912)=0.028772;
C(913)=0.007253;
C(914)=0.004495;
C(915)=0.024015;
C(916)=0.028006;
C(917)=0.013144;
C(918)=0.004003;
C(919)=0.003325;
C(920)=0.062343;
C(921)=0.010042;
C(922)=0.020095;
C(923)=0.018957;
C(924)=0.010246;
C(925)=0.003428;
C(926)=0.016117;
C(927)=0.014423;
C(928)=0.006518;
C(929)=0.001673;
C(930)=0.047010;
C(931)=0.019555;
C(932)=0.041231;
C(933)=0.081257;
C(934)=0.020099;
C(935)=0.003760;
C(936)=0.005191;
C(937)=0.004502;
C(938)=0.009866;
C(939)=0.022380;
C(940)=0.031227;
C(941)=0.002260;
C(942)=0.011737;
C(943)=0.010456;
C(944)=0.003655;
C(945)=0.039045;
C(946)=0.018867;
C(947)=0.017250;
C(948)=0.018654;
C(949)=0.061665;
C(950)=0.009800;
C(951)=0.021614;
C(952)=0.023206;
C(953)=0.015359;
C(954)=0.026075;
C(955)=0.053360;
C(956)=0.001764;
C(957)=0.051322;
C(958)=0.008634;
C(959)=0.023141;
C(960)=0.012435;
C(961)=0.000305;
C(962)=0.025415;
C(963)=0.034323;
C(964)=0.006478;
C(965)=0.026587;
C(966)=0.430456;
C(967)=0.001714;
C(968)=0.004819;
C(969)=0.014350;
C(970)=0.035240;
C(971)=0.008435;
C(972)=0.010109;
C(973)=0.005097;
C(974)=0.009246;
C(975)=0.042124;
C(976)=0.008784;
C(977)=0.007267;
C(978)=0.007476;
C(979)=0.007934;
C(980)=0.025906;
C(981)=0.016623;
C(982)=0.007438;
C(983)=0.001912;
C(984)=0.001551;
C(985)=0.000350;
C(986)=0.008251;
C(987)=0.015222;
C(988)=0.018756;
C(989)=0.010309;
C(990)=0.005605;
C(991)=0.005072;
C(992)=0.007297;
C(993)=0.006029;
C(994)=0.005758;
C(995)=0.003050;
C(996)=0.009407;
C(997)=0.004561;
C(998)=0.002230;
C(999)=0.001041;
C(1000)=0.003107;
